C1: 0.3684210526315789
C2: 0.3157894736842105
C3: 0.15789473684210525
C4: 0.15789473684210525
Rate:2.1052631578947367