C1: 0.4222222222222222
C2: 0.24444444444444444
C3: 0.2
C4: 0.13333333333333333
Rate:2.0444444444444443