C1: 0.746268656716418
C2: 0.2537313432835821
Rate:1.2537313432835822