C1: 0.452991452991453
C2: 0.09401709401709402
C3: 0.07692307692307693
C4: 0.05128205128205128
C5: 0.042735042735042736
C6: 0.042735042735042736
C7: 0.042735042735042736
C8: 0.042735042735042736
C9: 0.03418803418803419
C10: 0.03418803418803419
C11: 0.03418803418803419
C12: 0.017094017094017096
C13: 0.017094017094017096
C14: 0.008547008547008548
C15: 0.008547008547008548
Rate:3.8888888888888893