C1: 0.4049079754601227
C2: 0.1411042944785276
C3: 0.10429447852760736
C4: 0.05521472392638037
C5: 0.05521472392638037
C6: 0.04294478527607362
C7: 0.03680981595092025
C8: 0.03067484662576687
C9: 0.03067484662576687
C10: 0.03067484662576687
C11: 0.024539877300613498
C12: 0.018404907975460124
C13: 0.012269938650306749
C14: 0.006134969325153374
C15: 0.006134969325153374
Rate:3.668711656441718