C1: 0.42748091603053434
C2: 0.15267175572519084
C3: 0.10687022900763359
C4: 0.09923664122137404
C5: 0.05343511450381679
C6: 0.05343511450381679
C7: 0.03816793893129771
C8: 0.030534351145038167
C9: 0.022900763358778626
C10: 0.007633587786259542
C11: 0.007633587786259542
Rate:2.916030534351145