C1: 0.4609756097560976
C2: 0.1951219512195122
C3: 0.09024390243902439
C4: 0.06829268292682927
C5: 0.06097560975609756
C6: 0.02926829268292683
C7: 0.024390243902439025
C8: 0.02195121951219512
C9: 0.01951219512195122
C10: 0.014634146341463415
C11: 0.007317073170731708
C12: 0.004878048780487805
C13: 0.0024390243902439024
Rate:2.714634146341464