C1: 0.42803030303030304
C2: 0.1590909090909091
C3: 0.10606060606060606
C4: 0.06818181818181818
C5: 0.056818181818181816
C6: 0.041666666666666664
C7: 0.030303030303030304
C8: 0.022727272727272728
C9: 0.022727272727272728
C10: 0.01893939393939394
C11: 0.015151515151515152
C12: 0.011363636363636364
C13: 0.011363636363636364
C14: 0.007575757575757576
Rate:3.2159090909090904