C1: 0.25925925925925924
C2: 0.25925925925925924
C3: 0.18518518518518517
C4: 0.18518518518518517
C5: 0.07407407407407407
C6: 0.037037037037037035
Rate:2.6666666666666665