C1: 0.18518518518518517
C2: 0.18518518518518517
C3: 0.14814814814814814
C4: 0.1111111111111111
C5: 0.1111111111111111
C6: 0.07407407407407407
C7: 0.07407407407407407
C8: 0.037037037037037035
C9: 0.037037037037037035
C10: 0.037037037037037035
Rate:3.9629629629629632