C1: 0.37037037037037035
C2: 0.2222222222222222
C3: 0.1111111111111111
C4: 0.1111111111111111
C5: 0.07407407407407407
C6: 0.037037037037037035
C7: 0.037037037037037035
C8: 0.037037037037037035
Rate:2.7407407407407405