C1: 0.25925925925925924
C2: 0.1111111111111111
C3: 0.1111111111111111
C4: 0.1111111111111111
C5: 0.07407407407407407
C6: 0.07407407407407407
C7: 0.037037037037037035
C8: 0.037037037037037035
C9: 0.037037037037037035
C10: 0.037037037037037035
C11: 0.037037037037037035
C12: 0.037037037037037035
C13: 0.037037037037037035
Rate:4.666666666666666