C1: 0.8148148148148148
C2: 0.18518518518518517
Rate:1.1851851851851851