C1: 0.5432098765432098
C2: 0.2222222222222222
C3: 0.06172839506172839
C4: 0.04938271604938271
C5: 0.037037037037037035
C6: 0.037037037037037035
C7: 0.024691358024691357
C8: 0.012345679012345678
C9: 0.012345679012345678
Rate:2.1604938271604937