C1: 0.5308641975308642
C2: 0.30864197530864196
C3: 0.07407407407407407
C4: 0.06172839506172839
C5: 0.024691358024691357
Rate:1.7407407407407405