C1: 0.6296296296296297
C2: 0.24691358024691357
C3: 0.04938271604938271
C4: 0.024691358024691357
C5: 0.024691358024691357
C6: 0.024691358024691357
Rate:1.6419753086419753