C1: 0.5185185185185185
C2: 0.2716049382716049
C3: 0.07407407407407407
C4: 0.04938271604938271
C5: 0.037037037037037035
C6: 0.024691358024691357
C7: 0.024691358024691357
Rate:1.9876543209876543