C1: 0.5432098765432098
C2: 0.37037037037037035
C3: 0.04938271604938271
C4: 0.037037037037037035
Rate:1.5802469135802468