C1: 0.8235294117647058
C2: 0.17647058823529413
Rate:1.1764705882352942