C1: 0.9042553191489362
C2: 0.09574468085106383
Rate:1.0957446808510638