C1: 0.9736842105263158
C2: 0.02631578947368421
Rate:1.0263157894736843