C1: 0.803921568627451
C2: 0.19607843137254902
Rate:1.196078431372549