C1: 0.6018518518518519
C2: 0.24074074074074073
C3: 0.12962962962962962
C4: 0.027777777777777776
Rate:1.5833333333333333