C1: 0.7802197802197802
C2: 0.21978021978021978
Rate:1.2197802197802199