C1: 0.975609756097561
C2: 0.024390243902439025
Rate:1.024390243902439