C1: 0.2926829268292683
C2: 0.2682926829268293
C3: 0.14634146341463414
C4: 0.14634146341463414
C5: 0.12195121951219512
C6: 0.024390243902439025
Rate:2.6097560975609757