C1: 0.21951219512195122
C2: 0.12195121951219512
C3: 0.12195121951219512
C4: 0.12195121951219512
C5: 0.0975609756097561
C6: 0.0975609756097561
C7: 0.07317073170731707
C8: 0.024390243902439025
C9: 0.024390243902439025
C10: 0.024390243902439025
C11: 0.024390243902439025
C12: 0.024390243902439025
C13: 0.024390243902439025
Rate:4.439024390243904