C1: 0.4878048780487805
C2: 0.1951219512195122
C3: 0.0975609756097561
C4: 0.07317073170731707
C5: 0.04878048780487805
C6: 0.04878048780487805
C7: 0.024390243902439025
C8: 0.024390243902439025
Rate:2.3658536585365857